traps <-
structure(list(x = c(171370.77905632, 168870.77905632, 171370.77905632, 
168870.77905632, 171370.77905632, 178342.17905632, 180842.17905632, 
178342.17905632, 180842.17905632, 183342.17905632, 178342.17905632, 
180842.17905632, 183342.17905632, 130456.57905632, 132956.57905632, 
135456.57905632, 130456.57905632, 132956.57905632, 135456.57905632, 
130456.57905632, 132956.57905632, 135456.57905632, 142427.97905632, 
144927.97905632, 147427.97905632, 142427.97905632, 144927.97905632, 
147427.97905632, 142427.97905632, 144927.97905632, 147427.97905632, 
154399.37905632, 156899.37905632, 159399.37905632, 154399.37905632, 
156899.37905632, 159399.37905632, 154399.37905632, 156899.37905632, 
159399.37905632, 166370.77905632, 168870.77905632, 171370.77905632, 
166370.77905632, 168870.77905632, 171370.77905632, 166370.77905632, 
168870.77905632, 171370.77905632, 178342.17905632, 180842.17905632, 
178342.17905632, 180842.17905632, 183342.17905632, 178342.17905632, 
180842.17905632, 183342.17905632, 130456.57905632, 132956.57905632, 
135456.57905632, 130456.57905632, 132956.57905632, 135456.57905632, 
130456.57905632, 132956.57905632, 135456.57905632, 142427.97905632, 
144927.97905632, 147427.97905632, 142427.97905632, 144927.97905632, 
147427.97905632, 142427.97905632, 144927.97905632, 154399.37905632, 
156899.37905632, 159399.37905632, 154399.37905632, 156899.37905632, 
159399.37905632, 154399.37905632, 156899.37905632, 159399.37905632, 
166370.77905632, 168870.77905632, 171370.77905632, 166370.77905632, 
168870.77905632, 171370.77905632, 166370.77905632, 168870.77905632, 
171370.77905632, 166370.77905632, 168870.77905632, 171370.77905632, 
166370.77905632, 168870.77905632, 171370.77905632, 166370.77905632, 
168870.77905632, 171370.77905632, 178342.17905632, 180842.17905632, 
183342.17905632, 178342.17905632, 180842.17905632, 178342.17905632
), y = c(766165.876517688, 768665.876517688, 768665.876517688, 
771165.876517688, 771165.876517688, 766165.876517688, 766165.876517688, 
768665.876517688, 768665.876517688, 768665.876517688, 771165.876517688, 
771165.876517688, 771165.876517688, 779800.626517688, 779800.626517688, 
779800.626517688, 782300.626517688, 782300.626517688, 782300.626517688, 
784800.626517688, 784800.626517688, 784800.626517688, 779800.626517688, 
779800.626517688, 779800.626517688, 782300.626517688, 782300.626517688, 
782300.626517688, 784800.626517688, 784800.626517688, 784800.626517688, 
779800.626517688, 779800.626517688, 779800.626517688, 782300.626517688, 
782300.626517688, 782300.626517688, 784800.626517688, 784800.626517688, 
784800.626517688, 779800.626517688, 779800.626517688, 779800.626517688, 
782300.626517688, 782300.626517688, 782300.626517688, 784800.626517688, 
784800.626517688, 784800.626517688, 779800.626517688, 779800.626517688, 
782300.626517688, 782300.626517688, 782300.626517688, 784800.626517688, 
784800.626517688, 784800.626517688, 793435.376517688, 793435.376517688, 
793435.376517688, 795935.376517688, 795935.376517688, 795935.376517688, 
798435.376517688, 798435.376517688, 798435.376517688, 793435.376517688, 
793435.376517688, 793435.376517688, 795935.376517688, 795935.376517688, 
795935.376517688, 798435.376517688, 798435.376517688, 793435.376517688, 
793435.376517688, 793435.376517688, 795935.376517688, 795935.376517688, 
795935.376517688, 798435.376517688, 798435.376517688, 798435.376517688, 
793435.376517688, 793435.376517688, 793435.376517688, 795935.376517688, 
795935.376517688, 795935.376517688, 798435.376517688, 798435.376517688, 
798435.376517688, 807070.126517688, 807070.126517688, 807070.126517688, 
809570.126517688, 809570.126517688, 809570.126517688, 812070.126517688, 
812070.126517688, 812070.126517688, 807070.126517688, 807070.126517688, 
807070.126517688, 809570.126517688, 809570.126517688, 812070.126517688
)), .Names = c("x", "y"), out.attrs = structure(list(dim = structure(c(3L, 
3L), .Names = c("x", "y")), dimnames = structure(list(x = c("x=   0", 
"x=2500", "x=5000"), y = c("y=   0", "y=2500", "y=5000")), .Names = c("x", 
"y"))), .Names = c("dim", "dimnames")), detector = "proximity", spacex = 2500, spacey = 2500, spacing = 2500, cluster = structure(c(1L, 
1L, 1L, 1L, 1L, 2L, 2L, 2L, 2L, 2L, 2L, 2L, 2L, 3L, 3L, 3L, 3L, 
3L, 3L, 3L, 3L, 3L, 4L, 4L, 4L, 4L, 4L, 4L, 4L, 4L, 4L, 5L, 5L, 
5L, 5L, 5L, 5L, 5L, 5L, 5L, 6L, 6L, 6L, 6L, 6L, 6L, 6L, 6L, 6L, 
7L, 7L, 7L, 7L, 7L, 7L, 7L, 7L, 8L, 8L, 8L, 8L, 8L, 8L, 8L, 8L, 
8L, 9L, 9L, 9L, 9L, 9L, 9L, 9L, 9L, 10L, 10L, 10L, 10L, 10L, 
10L, 10L, 10L, 10L, 11L, 11L, 11L, 11L, 11L, 11L, 11L, 11L, 11L, 
12L, 12L, 12L, 12L, 12L, 12L, 12L, 12L, 12L, 13L, 13L, 13L, 13L, 
13L, 13L), .Label = c("1", "2", "3", "4", "5", "6", "7", "8", 
"9", "10", "11", "12", "13"), class = "factor"), clustertrap = structure(c(3L, 
5L, 6L, 8L, 9L, 1L, 2L, 4L, 5L, 6L, 7L, 8L, 9L, 1L, 2L, 3L, 4L, 
5L, 6L, 7L, 8L, 9L, 1L, 2L, 3L, 4L, 5L, 6L, 7L, 8L, 9L, 1L, 2L, 
3L, 4L, 5L, 6L, 7L, 8L, 9L, 1L, 2L, 3L, 4L, 5L, 6L, 7L, 8L, 9L, 
1L, 2L, 4L, 5L, 6L, 7L, 8L, 9L, 1L, 2L, 3L, 4L, 5L, 6L, 7L, 8L, 
9L, 1L, 2L, 3L, 4L, 5L, 6L, 7L, 8L, 1L, 2L, 3L, 4L, 5L, 6L, 7L, 
8L, 9L, 1L, 2L, 3L, 4L, 5L, 6L, 7L, 8L, 9L, 1L, 2L, 3L, 4L, 5L, 
6L, 7L, 8L, 9L, 1L, 2L, 3L, 4L, 5L, 7L), .Label = c("1", "2", 
"3", "4", "5", "6", "7", "8", "9"), class = "factor"), row.names = c("1.A3", 
"1.B2", "1.B3", "1.C2", "1.C3", "2.A1", "2.A2", "2.B1", "2.B2", 
"2.B3", "2.C1", "2.C2", "2.C3", "3.A1", "3.A2", "3.A3", "3.B1", 
"3.B2", "3.B3", "3.C1", "3.C2", "3.C3", "4.A1", "4.A2", "4.A3", 
"4.B1", "4.B2", "4.B3", "4.C1", "4.C2", "4.C3", "5.A1", "5.A2", 
"5.A3", "5.B1", "5.B2", "5.B3", "5.C1", "5.C2", "5.C3", "6.A1", 
"6.A2", "6.A3", "6.B1", "6.B2", "6.B3", "6.C1", "6.C2", "6.C3", 
"7.A1", "7.A2", "7.B1", "7.B2", "7.B3", "7.C1", "7.C2", "7.C3", 
"8.A1", "8.A2", "8.A3", "8.B1", "8.B2", "8.B3", "8.C1", "8.C2", 
"8.C3", "9.A1", "9.A2", "9.A3", "9.B1", "9.B2", "9.B3", "9.C1", 
"9.C2", "10.A1", "10.A2", "10.A3", "10.B1", "10.B2", "10.B3", 
"10.C1", "10.C2", "10.C3", "11.A1", "11.A2", "11.A3", "11.B1", 
"11.B2", "11.B3", "11.C1", "11.C2", "11.C3", "12.A1", "12.A2", 
"12.A3", "12.B1", "12.B2", "12.B3", "12.C1", "12.C2", "12.C3", 
"13.A1", "13.A2", "13.A3", "13.B1", "13.B2", "13.C1"), class = c("traps", 
"data.frame"))
